4294967278,24
4294967278,23
4294967278,22
4294967278,29
4294967278,28
4294967278,27
4294967278,26
4294967278,25
4294967294,1240
4294967294,1078
4294967294,411
4294967294,1239
4294967294,403
4294967294,1076
4294967278,173
4294967278,354
4294967279,173
4294967279,317
4294967279,172
4294967279,316
4294967278,169
4294967278,328
4294967278,168
4294967278,353
4294967279,168
4294967279,314
4294967278,35
4294967278,34
4294967278,33
4294967278,32
4294967278,31
4294967278,30
4294967279,167
4294967279,313
4294967294,1069
4294967294,401
4294967294,1152
4294967294,1073
4294967278,164
4294967278,327
4294967278,45
4294967278,44
4294967278,43
4294967278,42
4294967278,41
4294967278,40
4294967278,39
4294967278,38
4294967278,37
4294967278,36
31,5
4294967278,163
4294967278,352
4294967279,163
4294967279,311
31,4
4294967294,112
4294967294,113
4294967294,177
4294967294,30
4294967294,164
4294967294,97
4294967294,80
4294967294,174
4294967294,161
4294967278,161
4294967279,310
4294967294,428
4294967294,466
4294967294,1161
4294967294,14
4294967294,20
4294967294,13
4294967294,182
4294967294,176
4294967294,1159
4294967294,163
4294967294,162
4294967294,1160
4294967294,451
4294967294,422
4294967278,50
4294967278,49
4294967278,48
4294967278,47
4294967279,161
4294967279,309
4294967278,351
4294967278,46
4294967278,350
4294967279,156
4294967294,178
4294967294,588
4294967294,168
4294967294,468
4294967294,456
4294967294,109
4294967294,189
4294967294,160
4294967279,308
4294967279,155
4294967279,307
4294967294,165
4294967278,349
4294967279,151
4294967279,305
4294967279,64
4294967279,63
4294967279,62
4294967279,150
4294967279,304
4294967279,60
4294967279,58
4294967294,89
4294967294,190
4294967294,1154
4294967278,348
4294967278,347
4294967278,0
4294967294,114
4294967279,146
4294967279,302
4294967279,55
4294967279,54
4294967279,53
4294967279,51
4294967279,49
4294967279,47
4294967279,46
4294967279,44
4294967279,42
4294967279,41
4294967279,40
4294967279,39
4294967279,38
4294967279,37
4294967279,36
4294967279,34
4294967279,32
4294967279,145
4294967279,301
4294967294,409
4294967294,396
4294967294,395
4294967294,419
4294967294,186
4294967294,187
4294967294,399
4294967294,385
4294967294,407
4294967294,179
4294967294,421
4294967294,406
4294967294,420
4294967294,1072
4294967294,1241
4294967294,167
4294967294,398
4294967294,412
4294967294,448
4294967294,408
4294967294,416
4294967294,116
4294967294,108
4294967294,387
4294967294,386
4294967279,141
4294967279,299
4294967279,31
4294967279,29
4294967279,28
4294967279,25
4294967279,23
4294967279,22
4294967279,19
4294967279,18
4294967279,16
4294967279,12
4294967279,11
4294967279,10
4294967294,1064
4294967294,389
4294967279,138
4294967294,166
4294967294,175
4294967294,173
4294967294,184
4294967294,384
4294967294,185
4294967294,104
4294967294,106
4294967294,169
4294967294,183
4294967294,170
4294967294,1243
4294967294,38
4294967294,9
4294967294,107
4294967294,36
4294967294,41
4294967294,39
4294967294,92
4294967294,90
4294967294,88
4294967294,86
4294967294,85
4294967294,415
4294967294,29
4294967294,1082
4294967294,393
4294967294,392
4294967294,46
4294967294,388
4294967294,115
4294967294,437
4294967294,45
4294967294,44
4294967294,425
4294967294,43
31,3
4294967294,6
4294967294,99
4294967294,76
4294967294,417
4294967294,52
4294967294,126
4294967294,12
4294967294,1083
4294967294,81
4294967294,127
4294967294,18
4294967294,82
4294967294,1244
4294967294,68
4294967294,11
4294967278,132
4294967278,131
4294967278,130
4294967278,129
4294967278,128
4294967278,127
4294967278,126
4294967278,125
4294967278,124
4294967278,123
4294967278,122
4294967278,121
4294967278,120
4294967278,119
4294967278,118
4294967278,117
4294967278,116
4294967278,115
4294967278,114
4294967278,113
4294967278,112
4294967278,111
4294967278,110
4294967278,109
4294967278,108
4294967278,107
4294967278,106
4294967278,105
4294967278,104
4294967278,103
4294967278,102
4294967278,101
4294967278,100
4294967278,99
4294967278,98
4294967278,97
4294967278,96
4294967278,95
4294967278,94
4294967278,93
4294967278,92
4294967278,91
4294967278,90
4294967278,89
4294967278,87
4294967278,86
4294967278,85
4294967278,84
4294967278,83
4294967278,82
4294967278,81
4294967278,80
4294967278,79
4294967278,78
4294967278,77
4294967278,76
4294967278,75
